50,52
50,51
50,50
50,49
50,48
50,47
50,46
50,45
50,44
50,43
50,42
50,41
50,40
50,39
50,38
50,37
50,36
50,35
3,2
3,1
3,3
10,277
10,189
10,107
10,271
10,291
10,77
10,267
10,1
10,257
10,2
10,3
11,21
11,13
11,11
11,19
11,9
11,1
11,29
11,2
11,3
9,5
9,1
9,7
9,2
9,3
8,10
8,14
8,15
8,8
8,12
8,1
8,17
8,2
8,3
12,2
12,1
12,3
20,2
20,1
20,3
19,2
19,1
19,3
18,1
18,3
14,1
14,3
13,1
13,3
49,5
49,4
49,3
49,2
49,1
49,0
48,4
48,3
2,2
48,2
2,1
48,1
48,0
47,3
2,3
47,2
47,1
47,0
45,4
45,3
45,2
45,1
45,0
0,472
0,243
0,0
50,34
50,33
50,32
50,31
50,30
50,29
50,28
